0.00084851 0.1
0.000806084 0.1
0.000763659 0.1
0.000721234 0.1
0.000678808 0.1
0.000636383 0.1
0.000593957 0.1
0.000551532 0.1
0.000509106 0.1
0.000466681 0.1
0.000424255 0.1
0.00038183 0.1
0.000339404 0.1
0.000296979 0.1
0.000254553 0.1
0.000212128 0.1
0.000169702 0.1
0.000127277 0.1
8.4851e-05 0.1
4.24255e-05 0.1
0 0.1
-4.24255e-05 0.1
-8.4851e-05 0.1
-0.000127277 0.1
-0.000169702 0.1
-0.000212128 0.1
-0.000254553 0.1
-0.000296979 0.1
-0.000339404 0.1
-0.00038183 0.1
-0.000424255 0.1
-0.000466681 0.1
-0.000509106 0.1
-0.000551532 0.1
-0.000593957 0.1
-0.000636383 0.1
-0.000678808 0.1
-0.000721234 0.1
-0.000763659 0.1
-0.000806084 0.1
-0.00084851 0.1
